baseMean	log2FoldChange	lfcSE	stat	pvalue	padj
8529	31.8206718554945	1.67421876287198	0.395069711527264	4.23778060940124	2.2574019172157e-05	0.00452743453563487
771	64.5321758478844	-1.55784874926014	0.307024533054203	-5.07402041707565	3.89497237336257e-07	0.000285298259017561
643911	25.2594996914757	-2.58121140235177	0.476189214128405	-5.42055831120892	5.94131885537688e-08	6.25583742228339e-05
27429	335.660416456898	-1.20445645904815	0.340997967779278	-3.53215142862018	0.000412193245214527	0.0282285349680046
57402	21.9529463125933	-1.64147438328925	0.339707365343766	-4.83202470934995	1.35151475858923e-06	0.000785136866825956
653441///1911	191.407797256863	1.03408034124165	0.241181356615107	4.28756333306434	1.80643762125186e-05	0.00380413182565377
486	109.210559760894	1.0427055606716	0.314796828641456	3.31231278654083	0.000925280316132955	0.0466274682731481
1208	1519.71803780147	-1.02055374415638	0.293359960628295	-3.47884469976966	0.000503580329980314	0.0320691414996831
5973	96.8316082530004	-1.05695202231762	0.23329960379003	-4.53044928129789	5.88583839687885e-06	0.00180288580858578
116496	19.3434747474424	-1.30214599457515	0.393660971122526	-3.30778535363076	0.000940368548083395	0.0467540425107276
5349	99.1950011990323	-1.33567667590967	0.285240633674455	-4.68263114796637	2.83215870239852e-06	0.00122341993998225
84937	88.2025868718203	-1.28405081076618	0.371314971994437	-3.45811752181492	0.000543964042196474	0.0337397262354729
307	254.313206229983	-1.0606083294858	0.282059339615424	-3.7602312014624	0.000169756392639291	0.0175081234596965
28513	26.8934293917957	-1.79671100091273	0.469377651627752	-3.82785800449153	0.000129263289302828	0.0151229071866996
11082	55.9972314544163	1.69847295722988	0.471574408504887	3.60170723134624	0.000316134272383492	0.0251222362587014
79623	165.342307421289	1.10028252377361	0.175103124121314	6.28362588785861	3.30766130467032e-10	1.85747233332603e-06
140462	2508.3939250376	1.20324169412117	0.247690542901431	4.85784269365506	1.18671629346009e-06	0.000714021764140074
7113	72.3702541857435	-1.09645786407049	0.205955057752657	-5.32377245810242	1.01637031112042e-07	9.51266146191433e-05
1672	71.5127987712101	-1.40797390644946	0.395510123310483	-3.5598934729268	0.000371005262208554	0.027413709001875
729	69.6342511816513	-1.10754828078655	0.338000317946391	-3.27676697914295	0.00105002988837496	0.0495514104466468
5104	55.0271699180922	-1.15182495884437	0.246507601726081	-4.67257378993233	2.97448599524021e-06	0.00123303907169033
1490	113.205458207602	1.48030368015983	0.344463970252233	4.29741223465514	1.72803645620613e-05	0.00379712272972161
3486	97.9104621805408	1.11659248527693	0.179403727159115	6.22390907345314	4.84918180261113e-10	2.04235414571474e-06
563	73.5774192966677	-1.0163161884564	0.286791340804834	-3.54374781889952	0.000394482375591713	0.0278068810945338
9750	109.214563883288	-1.10494960029701	0.337584343183878	-3.27310677348316	0.00106372286327342	0.0499179361492123
8908	19.0719019335551	1.01862154439141	0.278190040449897	3.66160320744792	0.000250641850702843	0.0215632492709494
29969	565.292856188314	-1.13046186539001	0.161572723753031	-6.99661328429394	2.62223761642278e-12	2.20884185619373e-08
290	86.5378298813981	-1.98526685577342	0.378736748901433	-5.24181205423529	1.59007287324246e-07	0.00014098925102903
9023	159.19927053381	-1.55731172865223	0.389712097640454	-3.99605693043945	6.44062516698071e-05	0.00951800106913369
1057	118.781061693315	-1.31382072069095	0.358488260843178	-3.66489189241732	0.00024744308186844	0.0215632492709494
1164	39.8265296724671	-1.01812191599505	0.237627019542153	-4.28453766729352	1.83119583864597e-05	0.00380866127082329
1266	24.2228457184644	-1.1978469475417	0.314045612954932	-3.81424512277331	0.000136599833687083	0.0155515015688262
1358	1794.54030368408	-1.50157811612558	0.349515396221623	-4.29617159174713	1.73773091611591e-05	0.00379712272972161
1809	391.820882709789	-1.23279765471535	0.2612423946464	-4.71898007359784	2.37030033974516e-06	0.00107925540064018
4852	1677.33306016975	-1.44036245751574	0.382013846656506	-3.77044567918729	0.000162956270818013	0.0172366824949749
5105	411.255242769487	-1.87927372468757	0.41003175965858	-4.58323942089846	4.5782732059928e-06	0.00167340378997667
5699///1506	214.944212314824	-1.07305873428461	0.234686140816401	-4.57231402992851	4.82367285633843e-06	0.00167340378997667
8459	284.683404661216	-1.29405640676724	0.344596582836185	-3.75527927792135	0.000173148295930475	0.0175081234596965
1908	2912.44643911064	1.07600340053641	0.235490234972079	4.56920602531135	4.89575342586282e-06	0.00167340378997667
6514	203.108315220238	1.78773889433142	0.293905725499588	6.08269502505464	1.18179010871845e-09	3.98192359231595e-06
602	134.243214775077	-1.21697677841127	0.357527653769784	-3.40386754864813	0.000664389612875297	0.0380713326806467
6357	24.323304582263	-1.82087308566819	0.469847413760557	-3.87545622757465	0.000106425110685603	0.0135829078766694
10263	151.422545273986	1.35267655524327	0.233455423507166	5.79415348301706	6.86666407054882e-09	1.4460336199567e-05
8842	37.0389266468517	-1.41609558551044	0.41696697306026	-3.39618165706805	0.000683329926651785	0.0388920921429143
10343	14.9344184249226	1.05954516446802	0.268061799574496	3.95261527808091	7.73016678528694e-05	0.0107628198208041
4837	680.369346299924	-1.48356818382668	0.434125649039052	-3.41737049425804	0.000632291684260602	0.0369071920896932
100128146///8125	31.4716154811287	1.07898851771303	0.312745116403847	3.45005712677457	0.000560467937998593	0.0342108817081967
10066	344.109567985386	-1.07220356910019	0.302901899410514	-3.53977169237579	0.000400473316967028	0.0278408486202602
5967	1577.78026106741	-2.05267128576744	0.433642124736109	-4.73356062217568	2.20615030497079e-06	0.00103241706077342
10930	463.717624761692	-1.02689762632213	0.272386161198071	-3.77000660314531	0.000163243228303084	0.0172366824949749
10125	204.586487272421	1.08210065227708	0.295662544517265	3.65991794477669	0.000252296026431617	0.0215757926766165
23566	60.2341779797653	1.03498161985591	0.226385328224619	4.57176985793444	4.83621940682086e-06	0.00167340378997667
26577	225.890122029451	-3.0169627335259	0.418487103394214	-7.20921316106585	5.62761079407739e-13	9.48083590478217e-09
29951	52.2183639633967	-1.06338584393823	0.314297961023361	-3.38336857317121	0.000716024687605642	0.0399432712320936
29842	345.959214516819	1.05750597872713	0.309424909239365	3.41764979854632	0.000631643238743078	0.0369071920896932
9899	207.670060113973	-1.56783006252929	0.290936684804061	-5.38890468070464	7.08883887780556e-08	7.02503932790531e-05
23643	16.9903520120601	-2.10319386209824	0.497639694290237	-4.22633862657989	2.37524469501175e-05	0.00470773498551328
51365	174.522621286179	1.55830537260828	0.275560663237324	5.65503564369856	1.55813933985325e-08	2.62499734585078e-05
6425	79.1369116766301	-1.12648031218723	0.310889309317887	-3.62341283030546	0.000290741217048687	0.0236624023363248
55796	38.8607046335322	1.03632457831506	0.248113501943336	4.1768165383911	2.95617264274921e-05	0.00559580230476358
54810	33.7511387165014	-1.23613235430242	0.334510408598173	-3.69534795488923	0.000219585856174357	0.0201052332552685
12	190.047969684483	-2.84295729143208	0.505084671468346	-5.62867465996789	1.81599555541113e-08	2.78127973836466e-05
57393	742.654498829413	1.00450200950791	0.269927878674295	3.72137185103425	0.00019814341176687	0.018545122544647
2161	144.73542384405	-1.61332460101632	0.422269763981613	-3.82060175420605	0.000133126466441695	0.0154674591734016
54947	27.3356836471871	-1.4742822586215	0.445398648591572	-3.31002858514151	0.000932864438527337	0.0467540425107276
2194	96.5796523461497	-1.12245438627783	0.320790427575198	-3.49902705876317	0.00046695919037833	0.030491711163968
729857///400966	69.8023258158627	1.41084360940414	0.315048816222208	4.47817460900744	7.52840136693877e-06	0.00207919635784947
162963	13.5714307511018	1.33148217833499	0.244285398501571	5.4505188869339	5.02230684838387e-08	6.04362881962308e-05
1840	47.8070535862866	-1.86113416930633	0.326379481349401	-5.70236266572748	1.18158100144095e-08	2.21178834791952e-05
64881	169.187566878152	1.65927293120612	0.435023980577721	3.81421026262179	0.000136619115105733	0.0155515015688262
727770	56.8858237854701	-1.57245925001497	0.446103725065937	-3.52487361494807	0.000423684880286352	0.0286659404746353
144501	23.9543541774435	-1.09738991563284	0.323432038841005	-3.39295364666175	0.000691433375037761	0.0389344812946051
26034	26.6078233321381	-1.3438897739815	0.310912232693511	-4.32240881080504	1.54334878663111e-05	0.00356175301484579
84677	145.518186441699	-1.4757294591833	0.376392448020055	-3.92072016042329	8.8284736848795e-05	0.0117194477297973
135112	19.4145331492713	-1.25069159544093	0.377999514299097	-3.30871217588737	0.000937261367142435	0.0467540425107276
642477///503639///503637	52.984953977173	-1.08859543528644	0.280794890332694	-3.8768349167488	0.000105824106894981	0.0135829078766694
221395	28.9148244426579	1.43324784530646	0.38484185902535	3.72425143391703	0.000195895614918869	0.0185031511400534
57007	19.2457615613528	-1.03300410231808	0.28819167587357	-3.58443421097026	0.0003378096977259	0.0261058714568268
387066///26799	27.1490560213482	1.92373705800969	0.510153260957873	3.77090024750141	0.000162659688459072	0.0172366824949749
140701	62.7957697319636	1.0307420414432	0.226101161020087	4.55876492094453	5.14553277825121e-06	0.00167340378997667
101929550	132.369871996129	1.34192433539088	0.292090380666618	4.59420927292539	4.34393275280137e-06	0.00165076058905762
7120///7117///7116///7115///7114	197.003540330686	-1.41267526852088	0.360325583121729	-3.92055223024125	8.83462848984542e-05	0.0117194477297973
440302	15.8917187810366	1.02594285097564	0.276294188974712	3.71322630701272	0.000204633746938169	0.0190467664898748
389541	301.439522103049	-1.00471154565695	0.172589664214305	-5.82138884289963	5.83606141367917e-09	1.40457323766076e-05
10924	17.4026831194397	1.03314735109228	0.291778368010844	3.5408634236171	0.000398819964500642	0.0278408486202602
5646	1006.55672457577	-1.42335267307402	0.416919762944071	-3.41397266232487	0.00064022999463774	0.0371929473091793
163782	39.5935800261089	-1.89051306836849	0.419577606026331	-4.50575302689022	6.61379763393396e-06	0.00192108015067044
91582	18.8436780921311	-1.39857145175017	0.283915515954964	-4.92601275082134	8.39245234485603e-07	0.000543798633283806
100506699	17.0065069474535	-1.14466911501373	0.333070670169437	-3.43671544069439	0.000588813864177199	0.0356581766374805
131096	41.2279274414194	-1.19565632005133	0.331545389010149	-3.60631261867655	0.000310578944043378	0.0247977415653971
100507064	303.864580371787	-1.23180813313385	0.271596998988203	-4.53542615611653	5.74872896962931e-06	0.00179349698058046
285025	29.940607151642	-1.20857425431215	0.342294646857739	-3.53080092080566	0.000414303446823999	0.0282581788204207
